5 0.5053125 0.40185185185185185 0.027291666666666655 0.08148148148148149
2 0.5326041666666667 0.40185185185185185 0.027291666666666655 0.08148148148148149
6 0.5598958333333334 0.40185185185185185 0.027291666666666714 0.08148148148148149
3 0.5871875000000001 0.40185185185185185 0.027291666666666596 0.08148148148148149
7 0.6144791666666667 0.40185185185185185 0.027291666666666714 0.08148148148148149
9 0.20802083333333332 0.17407407407407408 0.026458333333333337 0.07777777777777778
8 0.23447916666666668 0.17407407407407408 0.026458333333333337 0.07777777777777778
6 0.2609375 0.17407407407407408 0.02645833333333331 0.07777777777777778
8 0.2873958333333333 0.17407407407407408 0.02645833333333337 0.07777777777777778
5 0.31385416666666666 0.17407407407407408 0.02645833333333331 0.07777777777777778
6 0.7598958333333333 0.5324074074074074 0.026041666666666668 0.09444444444444444
4 0.7859375 0.5324074074074074 0.026041666666666668 0.09444444444444444
1 0.8119791666666667 0.5324074074074074 0.026041666666666668 0.09444444444444444
9 0.8380208333333333 0.5324074074074074 0.026041666666666668 0.09444444444444444
3 0.8640625 0.5324074074074074 0.026041666666666668 0.09444444444444444
9 0.440625 0.17592592592592593 0.03333333333333333 0.11851851851851852
1 0.4739583333333333 0.17592592592592593 0.03333333333333333 0.11851851851851852
8 0.5072916666666667 0.17592592592592593 0.03333333333333333 0.11851851851851852
9 0.540625 0.17592592592592593 0.03333333333333333 0.11851851851851852
9 0.5739583333333333 0.17592592592592593 0.03333333333333333 0.11851851851851852
