6 0.37270833333333336 0.125 0.03916666666666669 0.11666666666666667
8 0.411875 0.125 0.03916666666666663 0.11666666666666667
1 0.4510416666666667 0.125 0.03916666666666669 0.11666666666666667
2 0.49020833333333336 0.125 0.03916666666666663 0.11666666666666667
8 0.5293749999999999 0.125 0.03916666666666669 0.11666666666666667
1 0.13333333333333333 0.412962962962963 0.035416666666666666 0.10740740740740741
0 0.16875 0.412962962962963 0.035416666666666666 0.10740740740740741
5 0.20416666666666666 0.412962962962963 0.035416666666666666 0.10740740740740741
0 0.23958333333333334 0.412962962962963 0.035416666666666666 0.10740740740740741
0 0.275 0.412962962962963 0.035416666666666666 0.10740740740740741
3 0.3309375 0.5120370370370371 0.028541666666666642 0.08703703703703704
5 0.3594791666666667 0.5120370370370371 0.0285416666666667 0.08703703703703704
4 0.3880208333333333 0.5120370370370371 0.028541666666666642 0.08703703703703704
6 0.41656249999999995 0.5120370370370371 0.0285416666666667 0.08703703703703704
9 0.4451041666666667 0.5120370370370371 0.028541666666666642 0.08703703703703704
7 0.06875 0.812962962962963 0.01875 0.06666666666666667
4 0.0875 0.812962962962963 0.01875 0.06666666666666667
7 0.10625 0.812962962962963 0.01875 0.06666666666666667
3 0.125 0.812962962962963 0.01875 0.06666666666666667
1 0.14375 0.812962962962963 0.01875 0.06666666666666667
