3 0.4786458333333333 0.1574074074074074 0.026041666666666668 0.0925925925925926
1 0.5046875 0.1574074074074074 0.026041666666666668 0.0925925925925926
2 0.5307291666666667 0.1574074074074074 0.026041666666666668 0.0925925925925926
5 0.5567708333333333 0.1574074074074074 0.026041666666666668 0.0925925925925926
9 0.5828125 0.1574074074074074 0.026041666666666668 0.0925925925925926
4 0.2328125 0.2240740740740741 0.03229166666666666 0.11481481481481481
3 0.26510416666666664 0.2240740740740741 0.03229166666666666 0.11481481481481481
2 0.2973958333333333 0.2240740740740741 0.03229166666666666 0.11481481481481481
5 0.3296875 0.2240740740740741 0.03229166666666666 0.11481481481481481
5 0.3619791666666667 0.2240740740740741 0.03229166666666666 0.11481481481481481
7 0.30395833333333333 0.44722222222222224 0.028750000000000022 0.08703703703703704
7 0.33270833333333333 0.44722222222222224 0.028749999999999963 0.08703703703703704
9 0.3614583333333333 0.44722222222222224 0.028750000000000022 0.08703703703703704
6 0.3902083333333334 0.44722222222222224 0.028749999999999963 0.08703703703703704
3 0.4189583333333333 0.44722222222222224 0.028750000000000022 0.08703703703703704
3 0.82875 0.34814814814814815 0.02833333333333338 0.08518518518518518
1 0.8570833333333333 0.34814814814814815 0.028333333333333263 0.08518518518518518
1 0.8854166666666666 0.34814814814814815 0.02833333333333338 0.08518518518518518
9 0.9137500000000001 0.34814814814814815 0.028333333333333263 0.08518518518518518
1 0.9420833333333333 0.34814814814814815 0.02833333333333338 0.08518518518518518
